0 0 0 0 0
1000 1358 1358 1358 1358
2000 2716 2716 2716 2716
3000 4074 4074 4074 4074
4000 5432 5432 5432 5432
5000 6790 6790 6790 6790
6000 8148 8148 8148 8148
7000 9506 9506 9506 9506
8000 10864 10864 10864 10864
9000 12222 12222 12222 12222
10000 13580 13580 13580 13580
11000 14938 14938 14938 14938
12000 16296 16296 16296 16296
13000 17654 17654 17654 17654
14000 19012 19012 19012 19012
15000 20370 20370 20370 20370
16000 21728 21728 21728 21728
17000 23086 23086 23086 23086
18000 24444 24444 24444 24444
19000 25802 25802 25802 25802
20000 27160 27160 27160 27160
21000 27395 27437 27395 27437
22000 27630 27714 27630 27714
23000 27865 27991 27865 27991
24000 28100 28268 28100 28268
25000 28335 28545 28335 28545
26000 28570 28822 28570 28822
27000 28805 29099 28805 29099
28000 29040 29376 29040 29376
29000 29275 29653 29275 29653
30000 29510 29930 29510 29930
31000 29745 30207 29745 30207
32000 29980 30484 29980 30484
33000 30215 30761 30215 30761
34000 30450 31038 30450 31038
35000 30685 31315 30685 31315
36000 30920 31592 30920 31592
37000 31155 31869 31155 31869
38000 31390 32146 31390 32146
39000 31625 32423 31625 32423
40000 31860 32700 31860 32700
